42,
91,
284,
323,
818,
901,
291,
577,
788,
1210,
203,
1281,
851,
547,
164,
1333,
1395,
797,
835,
829,
755,
100,
318,
302,
255,
1266,
779,
1280,
1700,
1762,
1574,
1746,
1005,
503,
1275,
1713,
1719,
1288,
1792,
497,
364,
1309,
1293,
568,
1746,
1757,
1728,
541,
1711,
861,
211,
1293,
1306,
339,
1259,
1700,
371,
1707,
1711,
214,
139,
565,
1349,
1653,
1373,
1353,
1352,
1274,
1352,
1351,
1357,
1356,
257,
1041,
564,
1363,
267,
650,
1353,
1347,
1345,
1335,
423,
1346,
1334,
1392,
1338,
1369,
1360,
1288,
1340,
1282,
748,
1395,
1343,
909,
1355,
1341,
1445,
574,
1247,
1353,
1350,
225,
628,
1361,
1363,
1362,
1376,
638,
1405,
1384,
340,
1388,
1379,
712,
438,
635,
549,
602,
1407,
604,
1388,
1385,
1377,
455,
1326,
1422,
1358,
1367,
89,
575,
731,
1366,
1375,
1374,
1408,
1338,
1364,
1366,
709,
1135,
37,
117,
261,
472,
273,
610,
611,
324,
1828,
182,
1338,
266,
596,
78,
277,
355,
187,
228,
1428,
1806,
520,
1027,
494,
864,
1817,
1834,
1903,
1790,
1072,
436,
1796,
1799,
1614,
1409,
1897,
1838,
1346,
1858,
1318,
724,
1400,
1401,
1353,
1851,
1801,
1799,
441,
1348,
1796,
1449,
1656,
1351,
1886,
1795,
1034,
1364,
1798,
592,
1373,
1849,
477,
457,
236,
1242,
1367,
1807,
1804,
370,
1357,
1786,
1821,
1690,
1354,
1353,
1786,
540,
1849,
1926,
149,
1822,
1306,
1308,
1313,
613,
1143,
1296,
600,
121,
1323,
1321,
1336,
873,
1321,
518,
1309,
1311,
1316,
1321,
1316,
1327,
249,
1319,
1329,
1413,
1338,
1416,
1323,
1329,
207,
602,
1326,
1328,
1330,
99,
285,
1358,
120,
1353,
1350,
1310,
1344,
1340,
231,
491,
1335,
77,
170,
256,
425,
362,
53,
1506,
424,
372,
44,
349,
545,
334,
1182,
377,
474,
416,
624,
63,
1393,
840,
1715,
1130,
86,
2157,
2287,
786,
236,
132,
209,
345,
1214,
569,
1192,
341,
1316,
528,
935,
194,
119,
316,
199,
1310,
1719,
1291,
1710,
977,
301,
797,
1071,
566,
365,
1299,
219,
1302,
1297,
1804,
1101,
658,
339,
362,
810,
1319,
126,
1291,
1302,
1203,
116,
509,
651,
168,
283,
850,
242,
1297,
403,
241,
166,
1173,
1735,
1294,
1745,
1739,
1733,
1746,
1728,
1306,
1919,
1324,
1411,
1311,
48,
444,
1290,
97,
68,
809,
180,
1344,
1342,
1349,
1341,
1339,
481,
1346,
1341,
1078,
1151,
1080,
1340,
1180,
1037,
57,
1382,
109,
174,
1284,
1329,
1239,
671,
628,
575,
280,
1018,
487,
328,
1266,
1271,
1330,
627,
1327,
1216,
496,
1144,
1307,
1320,
763,
1333,
1320,
73,
1314,
75,
124,
776,
850,
305,
827,
1336,
222,
96,
1333,
1319,
809,
52,
1328,
900,
1318,
1317,
926,
1026,
733,
613,
1333,
1328,
1320,
696,
459,
662,
980,
1361,
1353,
1359,
214,
616,
148,
1362,
1370,
159,
1349,
107,
916,
581,
461,
368,
71,
1349,
1346,
1271,
1352,
1357,
309,
1348,
1351,
1354,
1358,
1354,
1793,
1804,
1346,
1342,
1012,
1245,
86,
1350,
232,
1358,
1821,
657,
1353,
1355,
760,
76,
326,
1352,
1084,
1348,
395,
1403,
1354,
704,
958,
1081,
422,
81,
1368,
1376,
110,
123,
1356,
842,
1078,
928,
173,
1115,
976,
55,
108,
612,
1338,
253,
944,
643,
1387,
1197,
1426,
149,
119,
1423,
1382,
882,
623,
950,
352,
1390,
1379,
434,
354,
501,
1394,
1396,
1382,
1089,
1379,
1288,
851,
1013,
352,
1374,
1369,
206,
1379,
1380,
1376,
691,
665,
1381,
1381,
1385,
1379,
1292,
1235,
1397,
1387,
868,
1238,
1403,
276,
987,
1081,
1288,
1373,
1370,
1214,
1382,
84,
1344,
1389,
273,
708,
1385,
928,
