018347,
018348,
018349,
018350,
018352,
018353,
018354,
018355,
018356,
018358,
018359,
018360,
018362,
018365,
018366,
018368,
018372,
018373,
018375,
018376,
018377,
018379,
018380,
018382,
018383,
018384,
018385,
018386,
018387,
018388,
018391,
018392,
018394,
018561,
018563,
018564,
018565,
018566,
018567,
018569,
018571,
018572,
018573,
018574,
018575,
018576,
018577,
018578,
018579,
018583,
018584,
018586,
018587,
018588,
018589,
018590,
018591,
018592,
018593,
018594,
018595,
018596,
018598,
018600,
018601,
018603,
018604,
018605,
018606,
018607,
018608,
018609,
018612,
018613,
018614,
018615,
018620,
018622,
018623,
018624,
018625,
018626,
018627,
018628,
018629,
018630,
018631,
018632,
018636,
018638,
018639,
018640,
018641,
018642,
018660,
018661,
018663,
018665,
018666,
018667,
018668,
018669,
018670,
018671,
018672,
018673,
018675,
018676,
018677,
018678,
018679,
018680,
018681,
018686,
018690,
018692,
018693,
018694,
018696,
018697,
018698,
018699,
018700,
018701,
018702,
018703,
018704,
018705,
018708,
018709,
018711,
018712,
018713,
018714,
018715,
018716,
018717,
018718,
018719,
018720,
018721,
018723,
018724,
018725,
018727,
018728,
018729,
018730,
018731,
018732,
018736,
018740,
018741,
018742,
018743,
018744,
018745,
018746,
018747,
018749,
018750,
018751,
018752,
018753,
018754,
018755,
018875,
018876,
018877,
018878,
018879,
018880,
018881,
018882,
018883,
018884,
018885,
018886,
018888,
018889,
018890,
018891,
018892,
018893,
018894,
018895,
018896,
018900,
018903,
018904,
018905,
018906,
018907,
018908,
018909,
018910,
018911,
018912,
018913,
018914,
018915,
018916,
018918,
018919,
018920,
018922,
018923,
018924,
018926,
018927,
018928,
018929,
018930,
018933,
018934,
018935,
018936,
018937,
018938,
018940,
018941,
018942,
018943,
018944,
018945,
018946,
018947,
018948,
018949,
018950,
018951,
018952,
018953,
018954,
018956,
018957,
018959,
018960,
018961,
018962,
018965,
018966,
019062,
019063,
019065,
019066,
019067,
019068,
019070,
019071,
019072,
019073,
019074,
019076,
019078,
019079,
019080,
019081,
019082,
019083,
019084,
019085,
019086,
019087,
019088,
019089,
019090,
019091,
019092,
019093,
019094,
019095,
019096,
019097,
019098,
019100,
019101,
019102,
019103,
019105,
019106,
019107,
019108,
019109,
019110,
019111,
019112,
019113,
019114,
019115,
019117,
019118,
019119,
019120,
019121,
019125,
019126,
019127,
019129,
019130,
019131,
