0.050909155,
0.086017032,
0.114711872,
0.186026528,
0.255764341,
0.035942092,
0.78781585,
0.22281978,
0.300771476,
0.075326589,
0.24277527,
0.40280604,
0.178167347,
0.613857341,
0.200748025,
0.334151417,
0.201433765,
0.204771984,
0.042729018,
0.943916972,
0.408193272,
1.06352414,
0.708228449,
0.052164434,
0.996685715,
0.817033929,
0.366752406,
0.167133107,
0.096430515,
0.154698233,
0.250828097,
0.670116627,
0.462560356,
0.772779703,
0.249950477,
0.845492767,
0.268954742,
0.469632849,
0.103529074,
0.07810441,
0.205324211,
0.100862341,
0.846908404,
0.89980439,
0.887859192,
0.898181153,
0.517005422,
0.211752181,
0.55201839,
0.75267132,
0.392714073,
0.264253646,
0.897019754,
0.122577029,
0.894324224,
0.894126547,
0.948261026,
0.577190948,
0.451316229,
0.176581788,
0.248013517,
0.555830285,
0.906314773,
0.087538428,
0.891223264,
0.889506114,
0.626579809,
0.080886648,
0.36193337,
0.444310359,
0.114206273,
0.191995906,
0.581194407,
0.175837083,
0.884277844,
0.211850836,
0.166422671,
0.112903694,
0.800874636,
0.894654573,
0.885933843,
0.89821577,
0.899391129,
0.89538211,
0.900416686,
0.896066703,
0.884408786,
0.980575204,
0.896307108,
0.753334719,
0.885681611,
0.023755564,
0.227654033,
0.869113911,
0.063542174,
0.044110816,
0.524458642,
0.117674537,
0.87538487,
0.87525709,
0.872092982,
0.872227782,
0.873642362,
0.32216525,
0.875888933,
0.869908082,
0.695738262,
0.746645864,
0.697946739,
0.875340883,
0.765746714,
0.512288772,
0.03786725,
0.900965214,
0.075069676,
0.123296565,
0.847240424,
0.877391596,
0.59994788,
0.440605854,
0.38053088,
0.374799672,
0.183335804,
0.674366322,
0.322992972,
0.264128331,
0.833975982,
0.840634099,
0.875483865,
0.411608518,
0.871769185,
0.801875982,
0.338178358,
0.760534103,
0.871565657,
0.873773857,
0.507866486,
0.88220889,
0.875497753,
0.049807006,
0.868283039,
0.052466931,
0.092699522,
0.519269643,
0.577278799,
0.203436031,
0.592757596,
0.882562102,
0.112113036,
0.063006983,
0.866117965,
0.867142237,
0.531255538,
0.034012117,
0.878006035,
0.594205339,
0.871105369,
0.868976504,
0.607893305,
0.673859952,
0.512973932,
0.400380502,
0.872330451,
0.866955182,
0.864326771,
0.458816089,
0.287305109,
0.412841234,
0.629889437,
0.849793838,
0.861943979,
0.852433875,
0.135693393,
0.404606722,
0.100744135,
0.848334326,
0.851198395,
0.097955765,
0.850228333,
0.066726527,
0.578626908,
0.369794684,
0.289287654,
0.233011581,
0.047072217,
0.855675581,
0.853163361,
0.806725441,
0.851977414,
0.854858001,
0.436479072,
0.852381568,
0.855308329,
0.85939577,
0.853335147,
0.854832498,
0.858654441,
0.8680825,
0.844213107,
0.85111702,
0.6426627,
0.786236694,
0.055094584,
0.850576963,
0.110120617,
0.846933328,
0.860790947,
0.413028081,
0.848320956,
0.848270198,
0.476841995,
0.072204425,
0.278563301,
0.847406713,
0.686723343,
0.850438464,
0.247774063,
0.878832592,
0.848596646,
0.4410995,
0.60330036,
0.683728063,
0.267373425,
0.050192388,
0.867195291,
0.866697806,
0.070060311,
0.078879342,
0.85304265,
0.536719399,
0.692351993,
0.622786126,
0.10925462,
0.729003758,
0.620293817,
0.034714503,
0.066678223,
0.386663961,
0.852700702,
0.15915104,
0.598025811,
0.406242211,
0.850206514,
0.755313806,
0.848144078,
0.094972386,
0.071231317,
0.847684947,
0.830035548,
0.544179577,
0.398426273,
0.584913882,
0.215312189,
0.856295944,
0.849033989,
0.264906969,
0.220213047,
0.317187304,
0.847307432,
0.842323074,
0.833560918,
0.662795445,
0.845398333,
0.803479566,
0.532264289,
0.620020806,
0.21407956,
0.843652907,
0.848707909,
0.127971485,
0.846991104,
0.847227982,
0.846835781,
0.433436291,
0.452869003,
0.849080402,
0.850315202,
0.848416355,
0.84846497,
0.793466952,
0.755031339,
0.845448343,
0.846484882,
0.534493512,
0.748317093,
0.851595684,
0.189127736,
0.599037275,
0.656142944,
0.787058418,
0.847393339,
0.848700137,
0.753504037,
0.849742484,
0.086242404,
0.823693197,
0.856907792,
0.278421074,
0.441536449,
0.847410573,
0.591330742,
