77,
170,
256,
425,
362,
53,
1506,
424,
372,
44,
349,
545,
334,
1182,
377,
474,
416,
624,
63,
1393,
840,
1715,
1130,
86,
2157,
2287,
786,
236,
132,
209,
345,
1214,
569,
1192,
341,
1316,
528,
935,
194,
119,
316,
199,
1310,
1719,
1291,
1710,
977,
301,
797,
1071,
566,
365,
1299,
219,
1302,
1297,
1804,
1101,
658,
339,
362,
810,
1319,
126,
1291,
1302,
1203,
116,
509,
651,
168,
283,
850,
242,
1297,
403,
241,
166,
1173,
1735,
1294,
1745,
1739,
1733,
1746,
1728,
1306,
1919,
1324,
1411,
1311,
48,
444,
1290,
97,
68,
809,
180,
1344,
1342,
1349,
1341,
1339,
481,
1346,
1341,
1078,
1151,
1080,
1340,
1180,
1037,
57,
1382,
109,
174,
1284,
1329,
1239,
671,
628,
575,
280,
1018,
487,
328,
1266,
1271,
1330,
627,
1327,
1216,
496,
1144,
1307,
1320,
763,
1333,
1320,
73,
1314,
75,
124,
776,
850,
305,
827,
1336,
222,
96,
1333,
1319,
809,
52,
1328,
900,
1318,
1317,
926,
1026,
733,
613,
1333,
1328,
1320,
696,
459,
662,
980,
1361,
1353,
1359,
214,
616,
148,
1362,
1370,
159,
1349,
107,
916,
581,
461,
368,
71,
1349,
1346,
1271,
1352,
1357,
309,
1348,
1351,
1354,
1358,
1354,
1793,
1804,
1346,
1342,
1012,
1245,
86,
1350,
232,
1358,
1821,
657,
1353,
1355,
760,
76,
326,
1352,
1084,
1348,
395,
1403,
1354,
704,
958,
1081,
422,
81,
1368,
1376,
110,
123,
1356,
842,
1078,
928,
173,
1115,
976,
55,
108,
612,
1338,
253,
944,
643,
1387,
1197,
1426,
149,
119,
1423,
1382,
882,
623,
950,
352,
1390,
1379,
434,
354,
501,
1394,
1396,
1382,
1089,
1379,
1288,
851,
1013,
352,
1374,
1369,
206,
1379,
1380,
1376,
691,
665,
1381,
1381,
1385,
1379,
1292,
1235,
1397,
1387,
868,
1238,
1403,
276,
987,
1081,
1288,
1373,
1370,
1214,
1382,
84,
1344,
1389,
273,
708,
1385,
928,
