018339,
018340,
018341,
018342,
018343,
018344,
018345,
018346,
018369,
018370,
018371,
018400,
018401,
018440,
018441,
018442,
018443,
018444,
018445,
018446,
018447,
018448,
018449,
018450,
018451,
018452,
018453,
018454,
018455,
018458,
018459,
018460,
018461,
018463,
018464,
018465,
018468,
018469,
018470,
018472,
018473,
018474,
018475,
018476,
018477,
018478,
018479,
018480,
018481,
018486,
018487,
018489,
018490,
018491,
018492,
018493,
018494,
018495,
018496,
018497,
018498,
018505,
018506,
018507,
018508,
018509,
018510,
018511,
018512,
018513,
018514,
018515,
018516,
018518,
018519,
018520,
018521,
018522,
018523,
018524,
018756,
018758,
018760,
018761,
018762,
018796,
018799,
018800,
018801,
018802,
018803,
018804,
018805,
018807,
018808,
018809,
018810,
018812,
018813,
018814,
018816,
018821,
018822,
018823,
018825,
018826,
018827,
018828,
018831,
018832,
018833,
018834,
018835,
018836,
018837,
018838,
018839,
018840,
018841,
018843,
018844,
018846,
018847,
018849,
018850,
