0.018865308,
0.040437536,
0.05717631,
0.131586349,
0.054239495,
0.092069649,
0.172727669,
0.09158385,
0.388768643,
0.038171704,
0.372637355,
0.060606023,
0.132543554,
0.021409655,
0.058376027,
0.059119247,
0.039595818,
0.04523127,
0.269821781,
0.253627025,
0.072084335,
0.141775711,
0.068509891,
0.16050247,
0.251116421,
0.25488341,
0.264614433,
0.254030006,
0.153630405,
0.082118515,
0.252363164,
0.253391037,
0.209178119,
0.266346409,
0.264891987,
0.256974357,
0.252957803,
0.262653302,
0.18305665,
0.135885772,
0.29355055,
0.299880335,
0.289616591,
0.297309913,
0.292706486,
0.296692881,
0.09993449,
0.293670146,
0.287469465,
0.319354027,
0.276430211,
0.291709284,
0.310829913,
0.29781652,
0.188613166,
0.30865846,
0.303587395,
0.135310337,
0.313866528,
0.305721715,
0.077346001,
0.10282063,
0.054454093,
0.214878129,
0.314215376,
0.31359421,
0.31604368,
0.064592577,
0.309300082,
0.30789066,
0.313746799,
0.296974843,
0.309476135,
0.308858337,
0.312464919,
0.096273723,
0.324944378,
0.340697249,
0.026176505,
0.327986534,
0.305314544,
0.308238744,
0.307641907,
0.141273018,
0.262791658,
0.302953285,
0.139992699,
0.028507818,
0.307454789,
0.308425591,
0.309768761,
0.204611167,
0.308332821,
0.121746468,
0.309039574,
0.309433726,
0.309431106,
0.311541426,
0.308599214,
0.309131203,
0.056640892,
0.312225748,
0.307727552,
0.326574027,
0.307579657,
0.326233115,
0.30528374,
0.307009488,
0.048047967,
0.14034691,
0.306676354,
0.307545579,
0.306179133,
0.023077337,
0.066913182,
0.309520164,
0.027657723,
0.307674878,
0.307371019,
0.300433437,
0.306470044,
0.305567195,
0.053722379,
0.114178446,
0.304888779,
