37,
117,
261,
472,
273,
610,
611,
324,
1828,
182,
1338,
266,
596,
78,
277,
355,
187,
228,
1428,
1806,
520,
1027,
494,
864,
1817,
1834,
1903,
1790,
1072,
436,
1796,
1799,
1614,
1409,
1897,
1838,
1346,
1858,
1318,
724,
1400,
1401,
1353,
1851,
1801,
1799,
441,
1348,
1796,
1449,
1656,
1351,
1886,
1795,
1034,
1364,
1798,
592,
1373,
1849,
477,
457,
236,
1242,
1367,
1807,
1804,
370,
1357,
1786,
1821,
1690,
1354,
1353,
1786,
540,
1849,
1926,
149,
1822,
1306,
1308,
1313,
613,
1143,
1296,
600,
121,
1323,
1321,
1336,
873,
1321,
518,
1309,
1311,
1316,
1321,
1316,
1327,
249,
1319,
1329,
1413,
1338,
1416,
1323,
1329,
207,
602,
1326,
1328,
1330,
99,
285,
1358,
120,
1353,
1350,
1310,
1344,
1340,
231,
491,
1335,
