42,
91,
284,
323,
818,
901,
291,
577,
788,
1210,
203,
1281,
851,
547,
164,
1333,
1395,
797,
835,
829,
755,
100,
318,
302,
255,
1266,
779,
1280,
1700,
1762,
1574,
1746,
1005,
503,
1275,
1713,
1719,
1288,
1792,
497,
364,
1309,
1293,
568,
1746,
1757,
1728,
541,
1711,
861,
211,
1293,
1306,
339,
1259,
1700,
371,
1707,
1711,
214,
139,
565,
1349,
1653,
1373,
1353,
1352,
1274,
1352,
1351,
1357,
1356,
257,
1041,
564,
1363,
267,
650,
1353,
1347,
1345,
1335,
423,
1346,
1334,
1392,
1338,
1369,
1360,
1288,
1340,
1282,
748,
1395,
1343,
909,
1355,
1341,
1445,
574,
1247,
1353,
1350,
225,
628,
1361,
1363,
1362,
1376,
638,
1405,
1384,
340,
1388,
1379,
712,
438,
635,
549,
602,
1407,
604,
1388,
1385,
1377,
455,
1326,
1422,
1358,
1367,
89,
575,
731,
1366,
1375,
1374,
1408,
1338,
1364,
1366,
709,
1135,
