018318,
018319,
018321,
018324,
018325,
018326,
018328,
018329,
018330,
018331,
018332,
018335,
018336,
018419,
018420,
018421,
018422,
018423,
018424,
018425,
018426,
018427,
018428,
018429,
018430,
018431,
018432,
018433,
018434,
018435,
018436,
018437,
018438,
018439,
018528,
018529,
018530,
018532,
018533,
018534,
018535,
018536,
018537,
018538,
018539,
018540,
018541,
018542,
018543,
018545,
018546,
018547,
018548,
018549,
018551,
018552,
018553,
018554,
018555,
018556,
018557,
018559,
018644,
018645,
018646,
018647,
018648,
018649,
018650,
018651,
018652,
018653,
018654,
018655,
018656,
018764,
018765,
018766,
018767,
018768,
018769,
018770,
018771,
018772,
018773,
018774,
018775,
018776,
018777,
018778,
018779,
018780,
018782,
018783,
018784,
018785,
018786,
018787,
018788,
018789,
018790,
018851,
018852,
018853,
018854,
018856,
018857,
018858,
018864,
018865,
018867,
018868,
018871,
018872,
018873,
019021,
019022,
019023,
019029,
019030,
019033,
019034,
019035,
019036,
019037,
019038,
019039,
019040,
019041,
019042,
019043,
019044,
019045,
019046,
019047,
019049,
019052,
019053,
019054,
019055,
019056,
019058,
