0.017787065,
0.033547307,
0.08552345,
0.08173652,
0.156889479,
0.132751777,
0.067879685,
0.115893412,
0.221431346,
0.325550362,
0.04035641,
0.326533802,
0.16076279,
0.10371671,
0.026121232,
0.165757921,
0.175941958,
0.13575266,
0.160131587,
0.159366704,
0.145902379,
0.022946483,
0.051999923,
0.070096738,
0.052477074,
0.205105837,
0.159515121,
0.239047584,
0.236212043,
0.246259843,
0.218683524,
0.242181835,
0.148569817,
0.096008422,
0.28293769,
0.29412128,
0.294545202,
0.283528661,
0.305232182,
0.087577924,
0.080814581,
0.291759627,
0.284328937,
0.126206992,
0.302094818,
0.305426796,
0.300111809,
0.120576336,
0.292568426,
0.192820571,
0.056433115,
0.289657247,
0.2961642,
0.059440749,
0.286692186,
0.297766804,
0.065970377,
0.296426577,
0.297741217,
0.045058183,
0.03096454,
0.12938844,
0.285818958,
0.268611001,
0.289796754,
0.285739976,
0.286428448,
0.279755714,
0.288796953,
0.286882865,
0.286637881,
0.285423941,
0.063304549,
0.218542515,
0.117558183,
0.282269415,
0.055336435,
0.145719576,
0.282985363,
0.284213858,
0.287869904,
0.284637246,
0.09565723,
0.28395258,
0.280417403,
0.285385957,
0.279160035,
0.280456838,
0.28212898,
0.264316782,
0.281476517,
0.275941838,
0.159076612,
0.29320495,
0.282956072,
0.192941946,
0.283967467,
0.280668282,
0.303445092,
0.121589385,
0.260221945,
0.278845495,
0.281114361,
0.054206235,
0.129841942,
0.27630575,
0.277764724,
0.279372002,
0.286091061,
0.13072159,
0.278777322,
0.275540005,
0.06957881,
0.283827709,
0.279896475,
0.141193201,
0.097773592,
0.128341349,
0.109611244,
0.123720383,
0.279053331,
0.134378774,
0.275809045,
0.276550879,
0.275094819,
0.090895018,
0.264984804,
0.286145886,
0.27477323,
0.278662732,
0.017872181,
0.117857679,
0.17354754,
0.280087273,
0.279844503,
0.280479798,
0.285327566,
0.273136111,
0.27880999,
0.278239916,
0.144163883,
0.234343511,
